1933479480908877
924780280111450
1379310013971318
870854859149469
1603332887692599
1226818189359854
890252827296600
1583635279312945
1613176169674388
1220866892812017
1212980840953199
982653798265555
909138584952625
1504479640648457
1650117639308295
1208801458091773
868289999506142
1554631779097375
1619888049021430
1659388615041086
1238806488228455
1252150686777338
1514802390472924
1400461571816334
884220704014710
25078312285182072
1356778376222342
880261661428597
725038840464655
1629136971856390